[cata@neil pscfft]$ ./pretty-print 3 6
012 120 201    120 201 012    201 012 120
120 201 012    201 012 120    012 120 201
201 012 120    012 120 201    120 201 012

120 201 012    201 012 120    012 120 201
201 012 120    012 120 201    120 201 012
012 120 201    120 201 012    201 012 120

201 012 120    012 120 201    120 201 012
012 120 201    120 201 012    201 012 120
120 201 012    201 012 120    012 120 201


120 201 012    201 012 120    012 120 201
201 012 120    012 120 201    120 201 012
012 120 201    120 201 012    201 012 120

201 012 120    012 120 201    120 201 012
012 120 201    120 201 012    201 012 120
120 201 012    201 012 120    012 120 201

012 120 201    120 201 012    201 012 120
120 201 012    201 012 120    012 120 201
201 012 120    012 120 201    120 201 012


201 012 120    012 120 201    120 201 012
012 120 201    120 201 012    201 012 120
120 201 012    201 012 120    012 120 201

012 120 201    120 201 012    201 012 120
120 201 012    201 012 120    012 120 201
201 012 120    012 120 201    120 201 012

120 201 012    201 012 120    012 120 201
201 012 120    012 120 201    120 201 012
012 120 201    120 201 012    201 012 120
